0
0
0
0
0
0
0
0
0
0
0
0
0
0
0
0
0
0
0
0
0
0
0
0
0
0
0
0
0
0
1.56291726687825
1.01457002080691
0.44981722715673
1.10866580218978
1.11297103695813
1.51843346033851
0.330400447291153
0.560719493607647
1.06678080789651
1.42493034114848
1.6591547637754
0.840833256211141
0.655845193479242
1.15938255917894
2.01177195033746
0.673558117719052
0.682621998295602
1.09724662480306
1.48377008149139
0.856606278821094
0
0
0
0
0
0
0
0
0
0
0
0
0
0
0
0
0
0
0
0
0
0
0
0
0
0
0
0
0
0
0
0
0
0
0
0
0
0
0
0
0
0
0
0
0
0
0
0
0
0
1.76078911911833
1.96997662151771
2.07938344778772
1.10392809085761
2.6742655559579
2.24397897566765
1.96481594388565
1.50727210079772
1.4730683258997
2.55445650103786
2.37338694917173
2.5386813497614
2.48993372901072
2.35220148400736
1.65240598371388
2.44714355210131
2.74248784296177
1.72921172992207
2.25479550398031
0.891697181989545
1.59197653787546
2.28770330950311
2.0234702877167
1.74915066819056
1.92932270693685
1.77554345400231
2.17799191014661
1.478622070768
2.03954390268136
2.18285996542381
1.87729853102853
1.53570883054514
2.63640041995212
2.15166187570591
2.39780112002539
1.30254140647641
2.58422488791765
0.986219396413474
2.5110861509539
1.99840499871526
1.70055814718513
1.88636025680992
2.12379423609689
2.35002929561124
3.03658346841392
1.94738678067565
2.06991922907771
2.13466238140982
2.52782136511289
2.23965247592405
0
0
0
0
0
0
0
0
0
0
0
0
0
0
0
0
0
0
0
0
0
0
0
0
0
0
0
0
0
0
0
0
0
0
0
0
0
0
0
0
0
0
0
0
0
0
0
0
0
0
