0
0
0
0
0
0
0
0
0
0
0
0
0
0
0
0
0
0
0
0
0.777525944818939
0.714088244740568
0.757861840824579
1.31351790005964
1.66646396174296
1.27153587172044
0.72042426595793
1.24623838727634
1.41108488709631
1.02920150140855
0
0
0
0
0
0
0
0
0
0
0
0
0
0
0
0
0
0
0
0
0
0
0
0
0
0
0
0
0
0
1.77390241144062
1.00323225533576
0.675958986844955
1.58533721880499
1.07272544331805
1.11472947343279
1.67638039104542
1.01615971107188
0.710721867442643
0.994181779007927
0.458471582675774
1.21166861633064
0.0215573841172669
1.89311668662871
0.663164542586205
1.25519937645103
1.40674858483742
2.66293051677384
0.369832437386177
0.502144507692787
0.441748208023477
1.43468223997852
1.1359341496394
2.01855832907464
0.671351116485636
0.433660859191059
0.517611856250512
0.881121244210903
1.15110716884545
0.519233975733002
0
0
0
0
0
0
0
0
0
0
